epoch: train_acc0 train_acc1 train_acc2 / test_acc0 test_acc1 test_acc2 / pure_ratio0 pure_ratio1 pure_ratio2 
0: 0 0 0 / 9.985977564102564 9.985977564102564 10.006009615384615 / 0 0 0
1: 21.77283653846154 20.90544871794872 21.143830128205128 / 41.516426282051285 41.7568108974359 40.41466346153846 / 53.22224807739258 53.27781295776367 53.264984130859375
2: 26.762820512820515 26.08173076923077 26.532451923076923 / 48.19711538461539 45.993589743589745 48.31730769230769 / 56.40116500854492 56.44655227661133 56.435203552246094
3: 29.887820512820515 29.715544871794872 29.947916666666668 / 51.852964743589745 52.53405448717949 51.14182692307692 / 59.934547424316406 59.92244338989258 59.92487335205078
4: 32.0693108974359 31.911057692307693 31.832932692307693 / 60.266426282051285 58.303285256410255 59.94591346153846 / 64.04298400878906 64.04818725585938 64.06373596191406
5: 33.71594551282051 33.49759615384615 33.49759615384615 / 60.16626602564103 59.10456730769231 56.02964743589744 / 68.43370056152344 68.49777221679688 68.45039367675781
6: 35.15625 35.09214743589744 35.12620192307692 / 60.49679487179487 63.34134615384615 59.92588141025641 / 73.4690933227539 73.48716735839844 73.5113296508789
7: 36.17588141025641 35.993589743589745 36.20192307692308 / 66.64663461538461 66.796875 66.66666666666667 / 78.61603546142578 78.68177032470703 78.63902282714844
8: 37.69030448717949 37.34375 37.48197115384615 / 67.83854166666667 66.76682692307692 67.72836538461539 / 83.89666748046875 83.96526336669922 83.88945007324219
9: 38.591746794871796 38.61778846153846 38.56570512820513 / 69.08052884615384 69.33092948717949 69.39102564102564 / 88.661865234375 88.76602935791016 88.72997283935547
10: 39.98397435897436 39.83774038461539 40.0380608974359 / 72.17548076923077 72.03525641025641 71.484375 / 89.22676849365234 89.3269271850586 89.27884674072266
11: 41.07572115384615 40.96754807692308 41.00360576923077 / 70.37259615384616 71.98517628205128 72.46594551282051 / 89.73157501220703 89.74759674072266 89.65945434570312
12: 42.189503205128204 42.09134615384615 42.19150641025641 / 71.18389423076923 73.32732371794872 72.31570512820512 / 90.1161880493164 90.22035217285156 90.1522445678711
13: 43.09695512820513 43.03285256410256 43.0869391025641 / 74.12860576923077 73.93830128205128 74.26883012820512 / 90.35657501220703 90.38862609863281 90.37259674072266
14: 43.727964743589745 43.64783653846154 43.671875 / 74.59935897435898 73.61778846153847 73.89823717948718 / 90.54888153076172 90.72917175292969 90.76923370361328
15: 44.78565705128205 44.841746794871796 44.71554487179487 / 75.42067307692308 75.45072115384616 75.38060897435898 / 90.81330108642578 90.849365234375 90.76522827148438
16: 45.520833333333336 45.41466346153846 45.392628205128204 / 75.16025641025641 75.65104166666667 74.11858974358974 / 90.7371826171875 90.74519348144531 90.78125
17: 46.39623397435897 46.11378205128205 46.34014423076923 / 75.18028846153847 74.5292467948718 74.84975961538461 / 90.84535217285156 90.7852554321289 90.8934326171875
18: 46.951121794871796 46.794871794871796 46.77283653846154 / 75.99158653846153 75.59094551282051 75.48076923076923 / 90.98157501220703 90.91747283935547 90.92147827148438
19: 47.578125 47.59415064102564 47.52003205128205 / 75.7411858974359 75.62099358974359 75.8213141025641 / 90.92948913574219 90.85737609863281 90.94551849365234
20: 48.21714743589744 48.13501602564103 48.03485576923077 / 75.95152243589743 75.3505608974359 75.88141025641026 / 90.83734130859375 90.84134674072266 90.8894271850586
21: 48.76802884615385 48.58774038461539 48.66586538461539 / 74.6494391025641 74.5693108974359 75.0 / 90.86138153076172 90.88141632080078 90.82131958007812
22: 49.09054487179487 49.07251602564103 49.114583333333336 / 75.390625 75.81129807692308 75.53084935897436 / 90.72115325927734 90.70513153076172 90.76522827148438
23: 49.84375 49.77564102564103 50.06009615384615 / 76.32211538461539 75.7011217948718 76.171875 / 90.79727935791016 90.76522827148438 90.693115234375
24: 50.29447115384615 50.36658653846154 50.286458333333336 / 75.63100961538461 75.4306891025641 75.25040064102564 / 90.4727554321289 90.3846206665039 90.54487609863281
25: 50.807291666666664 50.67908653846154 50.705128205128204 / 75.13020833333333 74.77964743589743 75.07011217948718 / 90.7411880493164 90.76522827148438 90.64904022216797
26: 51.04567307692308 51.14383012820513 51.0556891025641 / 75.42067307692308 75.07011217948718 75.19030448717949 / 90.5809326171875 90.59695434570312 90.54888153076172
27: 51.47435897435897 51.28605769230769 51.296073717948715 / 75.01001602564102 76.08173076923077 75.05008012820512 / 90.4286880493164 90.50481414794922 90.49279022216797
28: 51.88501602564103 51.88701923076923 51.93910256410256 / 75.32051282051282 75.10016025641026 75.29046474358974 / 90.38862609863281 90.40464782714844 90.48878479003906
29: 52.12339743589744 52.10536858974359 52.24959935897436 / 75.76121794871794 75.44070512820512 74.36899038461539 / 90.43669891357422 90.3084945678711 90.45673370361328
30: 52.42988782051282 52.45793269230769 52.53605769230769 / 75.5108173076923 75.19030448717949 75.01001602564102 / 90.2644271850586 90.2644271850586 90.24839782714844
31: 52.75240384615385 52.87059294871795 52.678285256410255 / 75.57091346153847 75.67107371794872 75.53084935897436 / 90.07612609863281 90.02804565429688 90.09615325927734
32: 53.11298076923077 53.15304487179487 52.98677884615385 / 75.24038461538461 75.96153846153847 74.94991987179488 / 89.9158706665039 89.8397445678711 89.88381958007812
33: 53.34935897435897 53.157051282051285 53.31730769230769 / 75.42067307692308 76.12179487179488 76.33213141025641 / 89.9959945678711 90.12419891357422 90.12019348144531
34: 53.42948717948718 53.391426282051285 53.439503205128204 / 75.26041666666667 75.59094551282051 76.14182692307692 / 89.89583587646484 89.83573913574219 89.7596206665039
35: 53.61378205128205 53.58573717948718 53.59775641025641 / 75.62099358974359 75.88141025641026 75.62099358974359 / 89.71554565429688 89.73157501220703 89.71955108642578
36: 53.89823717948718 54.07852564102564 53.99639423076923 / 74.10857371794872 74.85977564102564 74.42908653846153 / 89.81971740722656 89.79167175292969 89.83173370361328
37: 53.85216346153846 54.08653846153846 53.91826923076923 / 74.81971153846153 73.73798076923077 74.73958333333333 / 89.53926849365234 89.56731414794922 89.65945434570312
38: 54.29286858974359 54.1005608974359 54.322916666666664 / 74.06850961538461 75.36057692307692 74.88982371794872 / 89.75160217285156 89.56330108642578 89.53125
39: 54.15464743589744 54.3369391025641 54.31690705128205 / 75.3505608974359 75.11017628205128 75.33052884615384 / 89.47917175292969 89.53926849365234 89.47115325927734
40: 54.30288461538461 54.51121794871795 54.475160256410255 / 75.05008012820512 75.37059294871794 75.30048076923077 / 89.47115325927734 89.49919891357422 89.35497283935547
41: 54.767628205128204 54.59134615384615 54.59334935897436 / 75.03004807692308 75.30048076923077 75.40064102564102 / 89.2147445678711 89.31089782714844 89.3309326171875
42: 54.943910256410255 54.84375 54.865785256410255 / 74.81971153846153 75.20032051282051 75.0400641025641 / 89.47115325927734 89.4871826171875 89.47917175292969
43: 54.821714743589745 54.91386217948718 54.89182692307692 / 74.02844551282051 74.77964743589743 74.79967948717949 / 89.3309326171875 89.34695434570312 89.34294891357422
44: 54.84975961538461 55.0 55.09815705128205 / 74.76963141025641 75.10016025641026 75.18028846153847 / 89.13862609863281 89.20673370361328 89.2908706665039
45: 55.19831730769231 55.11418269230769 55.25040064102564 / 74.88982371794872 75.15024038461539 74.44911858974359 / 89.05048370361328 89.0625 89.07452392578125
46: 55.16426282051282 55.3525641025641 55.42668269230769 / 75.29046474358974 75.5108173076923 75.21033653846153 / 88.99439239501953 88.99439239501953 89.0144271850586
47: 55.548878205128204 55.47475961538461 55.58293269230769 / 74.78966346153847 75.56089743589743 74.5292467948718 / 88.99439239501953 88.99038696289062 89.0625
48: 55.57491987179487 55.63301282051282 55.62900641025641 / 74.79967948717949 74.57932692307692 74.23878205128206 / 89.01042175292969 89.10657501220703 89.07051849365234
49: 55.627003205128204 55.54286858974359 55.45072115384615 / 75.42067307692308 74.88982371794872 74.30889423076923 / 88.93429565429688 88.84214782714844 88.91426849365234
50: 55.71514423076923 55.45873397435897 55.701121794871796 / 74.609375 74.43910256410257 73.88822115384616 / 88.67788696289062 88.78205108642578 88.818115234375
51: 55.891426282051285 55.94951923076923 55.73918269230769 / 74.07852564102564 74.30889423076923 73.77804487179488 / 88.84615325927734 88.64583587646484 88.74198913574219
52: 55.9775641025641 56.01963141025641 56.04366987179487 / 75.16025641025641 74.61939102564102 74.00841346153847 / 88.84615325927734 88.75 88.68589782714844
53: 56.15184294871795 56.18389423076923 56.09975961538461 / 74.04847756410257 75.01001602564102 75.41065705128206 / 88.77804565429688 88.72195434570312 88.78606414794922
54: 56.14783653846154 56.09775641025641 56.071714743589745 / 74.1386217948718 74.20873397435898 74.41907051282051 / 88.44952392578125 88.46554565429688 88.4334945678711
55: 55.969551282051285 56.08373397435897 56.21995192307692 / 75.10016025641026 74.74959935897436 74.86979166666667 / 88.61378479003906 88.56971740722656 88.58573913574219
56: 56.149839743589745 56.22596153846154 56.17988782051282 / 74.43910256410257 74.3389423076923 74.43910256410257 / 88.45753479003906 88.5096206665039 88.41346740722656
57: 56.18189102564103 56.35216346153846 56.20592948717949 / 73.3173076923077 73.85817307692308 72.91666666666667 / 88.3533706665039 88.349365234375 88.2852554321289
58: 56.38621794871795 56.41025641025641 56.40224358974359 / 73.87820512820512 74.1786858974359 74.63942307692308 / 88.33734130859375 88.28926849365234 88.31330108642578
59: 56.510416666666664 56.594551282051285 56.43028846153846 / 73.89823717948718 73.75801282051282 73.37740384615384 / 88.33734130859375 88.34535217285156 88.33333587646484
60: 56.62259615384615 56.55048076923077 56.47636217948718 / 74.8798076923077 74.00841346153847 74.2588141025641 / 88.22917175292969 88.24519348144531 88.2371826171875
61: 56.560496794871796 56.60657051282051 56.62660256410256 / 73.88822115384616 73.88822115384616 73.828125 / 88.14503479003906 88.00881958007812 88.1209945678711
62: 56.73076923076923 56.540464743589745 56.70673076923077 / 73.96834935897436 74.78966346153847 74.6895032051282 / 88.32933044433594 88.20513153076172 88.25320434570312
63: 56.618589743589745 56.59855769230769 56.67467948717949 / 73.67788461538461 73.52764423076923 73.8681891025641 / 88.14102935791016 88.05288696289062 88.14904022216797
64: 56.85697115384615 56.672676282051285 56.81490384615385 / 74.15865384615384 73.84815705128206 73.79807692307692 / 87.86859130859375 87.70032501220703 87.90064239501953
65: 56.89102564102564 56.85897435897436 56.89102564102564 / 73.97836538461539 74.46915064102564 74.67948717948718 / 87.82852935791016 87.99279022216797 87.79247283935547
66: 56.985176282051285 56.999198717948715 57.07532051282051 / 73.21714743589743 73.07692307692308 73.53766025641026 / 88.11298370361328 88.0809326171875 88.10897827148438
67: 56.94911858974359 56.89903846153846 56.93509615384615 / 73.32732371794872 73.37740384615384 73.44751602564102 / 87.8165054321289 87.9286880493164 87.93669891357422
68: 56.907051282051285 57.009214743589745 57.10536858974359 / 73.66786858974359 74.66947115384616 74.66947115384616 / 87.90865325927734 87.91266632080078 87.82852935791016
69: 57.07932692307692 57.13942307692308 57.161458333333336 / 73.29727564102564 74.43910256410257 74.43910256410257 / 87.90464782714844 87.98878479003906 87.8846206665039
70: 57.04126602564103 57.10136217948718 57.12339743589744 / 74.61939102564102 74.49919871794872 74.51923076923077 / 87.8084945678711 87.68429565429688 87.69231414794922
71: 57.25560897435897 57.38782051282051 57.3056891025641 / 74.53926282051282 74.05849358974359 73.69791666666667 / 87.7724380493164 87.64022827148438 87.6602554321289
72: 57.34775641025641 57.37179487179487 57.36378205128205 / 73.93830128205128 73.7479967948718 74.50921474358974 / 87.63622283935547 87.72035217285156 87.62019348144531
73: 57.297676282051285 57.33573717948718 57.30168269230769 / 74.2588141025641 74.66947115384616 74.75961538461539 / 87.75240325927734 87.74839782714844 87.84856414794922
74: 57.40584935897436 57.36378205128205 57.38782051282051 / 74.28886217948718 74.04847756410257 74.3389423076923 / 87.83654022216797 87.63622283935547 87.7724380493164
75: 57.41386217948718 57.24158653846154 57.341746794871796 / 72.99679487179488 73.81810897435898 74.15865384615384 / 87.74439239501953 87.68429565429688 87.75240325927734
76: 57.41386217948718 57.477964743589745 57.37179487179487 / 73.77804487179488 74.22876602564102 75.11017628205128 / 87.59615325927734 87.64423370361328 87.48798370361328
77: 57.42588141025641 57.43189102564103 57.497996794871796 / 73.77804487179488 73.32732371794872 73.1270032051282 / 87.67227935791016 87.74038696289062 87.568115234375
78: 57.45192307692308 57.55008012820513 57.33774038461539 / 73.66786858974359 74.16866987179488 73.79807692307692 / 87.30769348144531 87.39183044433594 87.34375
79: 57.58213141025641 57.71634615384615 57.58613782051282 / 73.3974358974359 74.01842948717949 74.44911858974359 / 87.46394348144531 87.62019348144531 87.6081771850586
80: 57.50400641025641 57.53004807692308 57.522035256410255 / 72.7764423076923 74.66947115384616 74.44911858974359 / 87.30769348144531 87.47997283935547 87.47195434570312
81: 57.80048076923077 57.678285256410255 57.790464743589745 / 73.73798076923077 74.6494391025641 74.31891025641026 / 87.35977935791016 87.55609130859375 87.37981414794922
82: 57.71434294871795 57.79847756410256 57.83253205128205 / 73.76802884615384 74.14863782051282 73.93830128205128 / 87.51602935791016 87.42788696289062 87.36378479003906
83: 57.786458333333336 57.766426282051285 57.79447115384615 / 73.24719551282051 73.09695512820512 73.59775641025641 / 87.33173370361328 87.42788696289062 87.37981414794922
84: 57.9286858974359 57.942708333333336 57.88461538461539 / 73.8681891025641 74.07852564102564 74.31891025641026 / 87.5040054321289 87.3477554321289 87.34375
85: 57.868589743589745 57.92067307692308 57.87660256410256 / 72.63621794871794 74.35897435897436 73.69791666666667 / 87.2956771850586 87.255615234375 87.38381958007812
86: 57.93469551282051 58.03084935897436 57.844551282051285 / 73.61778846153847 73.61778846153847 73.76802884615384 / 87.12339782714844 87.15544891357422 87.17147827148438
87: 58.048878205128204 57.98677884615385 57.95673076923077 / 73.56770833333333 74.47916666666667 74.31891025641026 / 87.08333587646484 87.22356414794922 87.17948913574219
88: 58.020833333333336 57.97275641025641 58.01682692307692 / 73.5576923076923 73.88822115384616 74.41907051282051 / 86.89904022216797 86.95913696289062 86.96714782714844
89: 58.181089743589745 58.13902243589744 58.25320512820513 / 73.8681891025641 74.27884615384616 73.7880608974359 / 87.23558044433594 87.30769348144531 87.05929565429688
90: 58.18509615384615 58.11498397435897 58.1630608974359 / 73.5576923076923 73.77804487179488 73.7079326923077 / 87.11138153076172 87.1394271850586 87.22356414794922
91: 58.08092948717949 58.12099358974359 58.014823717948715 / 74.05849358974359 73.54767628205128 73.93830128205128 / 87.12339782714844 87.099365234375 87.15144348144531
92: 58.20713141025641 58.31530448717949 58.19511217948718 / 73.49759615384616 73.75801282051282 73.53766025641026 / 87.09134674072266 87.07131958007812 87.09535217285156
93: 58.14302884615385 58.27323717948718 58.229166666666664 / 73.88822115384616 74.22876602564102 74.16866987179488 / 87.02323913574219 86.93509674072266 86.99519348144531
94: 58.12900641025641 58.27123397435897 58.23317307692308 / 73.89823717948718 73.8681891025641 73.48758012820512 / 86.99519348144531 87.10737609863281 86.9871826171875
95: 58.27724358974359 58.22115384615385 58.26522435897436 / 73.7880608974359 73.58774038461539 73.96834935897436 / 86.9471206665039 86.97115325927734 86.9911880493164
96: 58.28725961538461 58.23717948717949 58.32532051282051 / 73.95833333333333 74.51923076923077 73.50761217948718 / 86.79888153076172 86.92708587646484 86.93910217285156
97: 58.42347756410256 58.36939102564103 58.4755608974359 / 73.62780448717949 73.75801282051282 73.3173076923077 / 86.89102935791016 86.9911880493164 87.03125
98: 58.32331730769231 58.34535256410256 58.26722756410256 / 72.04527243589743 73.4775641025641 73.10697115384616 / 86.81089782714844 86.95513153076172 87.09535217285156
99: 58.469551282051285 58.37940705128205 58.48758012820513 / 73.4375 75.0801282051282 73.7479967948718 / 86.70673370361328 86.65464782714844 86.7227554321289
100: 58.61778846153846 58.6338141025641 58.60576923076923 / 73.71794871794872 74.53926282051282 74.24879807692308 / 86.875 87.01522827148438 86.95913696289062
101: 58.5536858974359 58.625801282051285 58.54366987179487 / 72.65625 73.98838141025641 73.22716346153847 / 86.72676849365234 86.75080108642578 86.8349380493164
102: 58.463541666666664 58.61177884615385 58.51963141025641 / 73.53766025641026 74.22876602564102 72.93669871794872 / 86.57852935791016 86.65064239501953 86.65064239501953
103: 58.52564102564103 58.61177884615385 58.567708333333336 / 73.98838141025641 73.828125 73.32732371794872 / 86.61058044433594 86.69471740722656 86.78285217285156
104: 58.62379807692308 58.68790064102564 58.727964743589745 / 73.99839743589743 74.34895833333333 74.22876602564102 / 86.53846740722656 86.61058044433594 86.53044891357422
105: 58.62179487179487 58.6338141025641 58.64383012820513 / 73.97836538461539 74.50921474358974 73.83814102564102 / 86.54247283935547 86.66266632080078 86.57852935791016
106: 58.74198717948718 58.693910256410255 58.71394230769231 / 73.98838141025641 74.3389423076923 74.14863782051282 / 86.34615325927734 86.58253479003906 86.55448913574219
107: 58.7900641025641 58.81610576923077 58.806089743589745 / 73.23717948717949 74.51923076923077 73.29727564102564 / 86.59856414794922 86.5665054321289 86.50641632080078
108: 58.880208333333336 58.83213141025641 58.8661858974359 / 73.40745192307692 74.53926282051282 73.45753205128206 / 86.40625 86.5184326171875 86.5584945678711
109: 58.884214743589745 58.91225961538461 58.91626602564103 / 72.66626602564102 74.23878205128206 74.31891025641026 / 86.64263153076172 86.5584945678711 86.61859130859375
110: 58.93429487179487 58.87219551282051 58.91025641025641 / 72.89663461538461 73.4375 73.48758012820512 / 86.60657501220703 86.48638153076172 86.55448913574219
111: 58.83613782051282 58.908253205128204 58.91626602564103 / 73.32732371794872 74.2988782051282 74.1386217948718 / 86.35016632080078 86.49038696289062 86.42628479003906
112: 58.96834935897436 58.98838141025641 59.0244391025641 / 73.87820512820512 74.22876602564102 73.95833333333333 / 86.4102554321289 86.43429565429688 86.55048370361328
113: 58.93629807692308 59.0625 59.05448717948718 / 73.83814102564102 74.02844551282051 74.01842948717949 / 86.6786880493164 86.65064239501953 86.65464782714844
114: 59.00841346153846 59.088541666666664 59.0224358974359 / 74.11858974358974 74.31891025641026 74.12860576923077 / 86.69471740722656 86.44231414794922 86.68269348144531
115: 59.0224358974359 59.138621794871796 59.06650641025641 / 74.47916666666667 73.7079326923077 74.26883012820512 / 86.44631958007812 86.53445434570312 86.49439239501953
116: 59.0625 59.08052884615385 59.064503205128204 / 74.1386217948718 74.50921474358974 73.91826923076923 / 86.65865325927734 86.5184326171875 86.45833587646484
117: 59.08253205128205 59.118589743589745 59.10657051282051 / 74.06850961538461 73.96834935897436 73.61778846153847 / 86.5584945678711 86.65064239501953 86.53044891357422
118: 59.05849358974359 59.036458333333336 59.12259615384615 / 74.2588141025641 73.97836538461539 73.92828525641026 / 86.51042175292969 86.55048370361328 86.51042175292969
119: 59.04847756410256 59.0244391025641 59.09855769230769 / 73.7079326923077 74.12860576923077 74.62940705128206 / 86.30609130859375 86.27804565429688 86.2540054321289
120: 59.03245192307692 59.06650641025641 59.12860576923077 / 74.63942307692308 74.77964743589743 73.88822115384616 / 86.39022827148438 86.60256958007812 86.37019348144531
121: 59.09655448717949 59.12059294871795 59.094551282051285 / 73.8681891025641 74.2588141025641 74.1386217948718 / 86.28205108642578 86.54247283935547 86.43830108642578
122: 59.15464743589744 59.1005608974359 59.07051282051282 / 74.1386217948718 74.1386217948718 74.80969551282051 / 86.54647827148438 86.53445434570312 86.51042175292969
123: 59.162660256410255 59.09855769230769 59.12259615384615 / 73.96834935897436 74.7295673076923 73.71794871794872 / 86.46634674072266 86.42628479003906 86.62259674072266
124: 59.18269230769231 59.142628205128204 59.20272435897436 / 73.92828525641026 73.59775641025641 73.87820512820512 / 86.39022827148438 86.46634674072266 86.41426849365234
125: 59.20873397435897 59.172676282051285 59.23076923076923 / 73.85817307692308 74.3389423076923 73.42748397435898 / 86.34214782714844 86.4783706665039 86.29006958007812
126: 59.12860576923077 59.10657051282051 59.14663461538461 / 74.24879807692308 74.38902243589743 73.87820512820512 / 86.2059326171875 86.13381958007812 86.27003479003906
127: 59.13461538461539 59.240785256410255 59.19070512820513 / 73.49759615384616 74.22876602564102 73.93830128205128 / 86.44231414794922 86.2019271850586 86.2459945678711
128: 59.274839743589745 59.21274038461539 59.29086538461539 / 73.64783653846153 74.45913461538461 74.609375 / 86.43830108642578 86.37019348144531 86.34214782714844
129: 59.39102564102564 59.31089743589744 59.31690705128205 / 74.02844551282051 73.72796474358974 74.10857371794872 / 86.474365234375 86.49839782714844 86.39823913574219
130: 59.220753205128204 59.30889423076923 59.36498397435897 / 73.71794871794872 74.44911858974359 73.68790064102564 / 86.47035217285156 86.5184326171875 86.41426849365234
131: 59.28285256410256 59.33894230769231 59.31290064102564 / 74.04847756410257 74.40905448717949 74.06850961538461 / 86.37419891357422 86.37419891357422 86.30609130859375
132: 59.35496794871795 59.25480769230769 59.30689102564103 / 74.14863782051282 74.54927884615384 73.87820512820512 / 86.2019271850586 86.14183044433594 86.16987609863281
133: 59.38902243589744 59.36097756410256 59.34695512820513 / 73.75801282051282 74.47916666666667 73.54767628205128 / 86.22596740722656 86.17788696289062 86.17388153076172
134: 59.36097756410256 59.41105769230769 59.4130608974359 / 73.93830128205128 74.39903846153847 73.72796474358974 / 86.14583587646484 86.15384674072266 86.08173370361328
135: 59.427083333333336 59.46514423076923 59.34695512820513 / 74.11858974358974 74.32892628205128 73.46754807692308 / 86.15785217285156 86.23397827148438 86.2059326171875
136: 59.36698717948718 59.48717948717949 59.44911858974359 / 74.0985576923077 74.59935897435898 74.16866987179488 / 86.07372283935547 86.07372283935547 86.06169891357422
137: 59.46314102564103 59.54326923076923 59.50120192307692 / 74.08854166666667 73.87820512820512 73.96834935897436 / 86.0897445678711 86.16987609863281 86.27003479003906
138: 59.42908653846154 59.44310897435897 59.48717948717949 / 74.18870192307692 74.62940705128206 73.33733974358974 / 86.08573913574219 86.18990325927734 86.18589782714844
139: 59.43509615384615 59.499198717948715 59.54927884615385 / 73.3974358974359 74.06850961538461 73.59775641025641 / 86.21794891357422 86.19792175292969 86.09375
140: 59.48918269230769 59.47716346153846 59.54126602564103 / 74.01842948717949 74.10857371794872 74.30889423076923 / 85.95352935791016 86.05769348144531 86.07372283935547
141: 59.51121794871795 59.50120192307692 59.59334935897436 / 73.81810897435898 74.4891826923077 74.55929487179488 / 86.0977554321289 86.17388153076172 86.21794891357422
142: 59.55128205128205 59.58133012820513 59.553285256410255 / 74.0985576923077 73.59775641025641 73.73798076923077 / 86.02564239501953 86.14984130859375 86.08173370361328
143: 59.62139423076923 59.635416666666664 59.611378205128204 / 73.84815705128206 73.9082532051282 73.65785256410257 / 85.81330108642578 85.78926849365234 85.78926849365234
144: 59.63741987179487 59.61538461538461 59.635416666666664 / 73.7880608974359 74.32892628205128 73.69791666666667 / 85.9334945678711 85.80929565429688 85.97356414794922
145: 59.64342948717949 59.62339743589744 59.655448717948715 / 74.54927884615384 74.34895833333333 74.23878205128206 / 86.11779022216797 86.0096206665039 85.8934326171875
146: 59.685496794871796 59.607371794871796 59.6875 / 72.65625 73.45753205128206 73.42748397435898 / 85.96554565429688 85.81731414794922 85.78125
147: 59.70352564102564 59.65945512820513 59.763621794871796 / 73.92828525641026 74.07852564102564 73.92828525641026 / 85.95352935791016 85.7772445678711 85.81330108642578
148: 59.6875 59.733573717948715 59.685496794871796 / 73.79807692307692 74.31891025641026 73.7079326923077 / 86.0096206665039 85.75320434570312 85.98958587646484
149: 59.64543269230769 59.70552884615385 59.71754807692308 / 74.01842948717949 74.11858974358974 73.93830128205128 / 85.96154022216797 85.83333587646484 86.04167175292969
150: 59.73557692307692 59.73758012820513 59.76963141025641 / 73.52764423076923 73.66786858974359 73.67788461538461 / 85.95352935791016 85.8974380493164 85.9375
151: 59.719551282051285 59.74158653846154 59.72355769230769 / 73.67788461538461 74.22876602564102 74.04847756410257 / 86.10176849365234 85.82933044433594 85.97756958007812
152: 59.71754807692308 59.765625 59.74959935897436 / 73.83814102564102 74.23878205128206 74.30889423076923 / 85.9415054321289 86.0977554321289 85.97756958007812
153: 59.79366987179487 59.78165064102564 59.81971153846154 / 73.64783653846153 74.42908653846153 73.59775641025641 / 85.87740325927734 85.80929565429688 85.86939239501953
154: 59.81370192307692 59.80168269230769 59.77964743589744 / 73.50761217948718 73.96834935897436 74.01842948717949 / 85.68509674072266 85.87339782714844 85.74919891357422
155: 59.84775641025641 59.80168269230769 59.84375 / 73.11698717948718 73.59775641025641 73.09695512820512 / 85.59294891357422 85.76122283935547 85.59695434570312
156: 59.973958333333336 59.889823717948715 59.9599358974359 / 74.39903846153847 74.76963141025641 73.98838141025641 / 85.8533706665039 85.68109130859375 85.66106414794922
157: 59.923878205128204 59.90584935897436 59.889823717948715 / 73.52764423076923 74.00841346153847 74.2588141025641 / 85.84535217285156 85.7411880493164 85.75320434570312
158: 59.90584935897436 59.90985576923077 59.95192307692308 / 74.01842948717949 74.35897435897436 73.89823717948718 / 85.8533706665039 85.71714782714844 85.6209945678711
159: 59.90985576923077 59.8818108974359 59.923878205128204 / 73.14703525641026 74.11858974358974 73.59775641025641 / 85.86138153076172 85.72917175292969 85.74919891357422
160: 59.91786858974359 59.90785256410256 59.90384615384615 / 74.08854166666667 73.30729166666667 73.10697115384616 / 85.34856414794922 85.4246826171875 85.4647445678711
161: 59.9619391025641 59.9619391025641 60.01402243589744 / 73.97836538461539 74.0985576923077 73.57772435897436 / 85.7331771850586 85.66106414794922 85.693115234375
162: 59.98998397435897 59.98597756410256 60.02403846153846 / 74.20873397435898 73.8681891025641 73.93830128205128 / 85.50881958007812 85.61698913574219 85.67308044433594
163: 60.046073717948715 60.03405448717949 60.06209935897436 / 73.63782051282051 73.93830128205128 74.16866987179488 / 85.64904022216797 85.6290054321289 85.66506958007812
164: 60.05008012820513 60.02804487179487 60.04206730769231 / 74.16866987179488 73.88822115384616 74.16866987179488 / 85.7852554321289 85.75320434570312 85.70112609863281
165: 60.052083333333336 60.06610576923077 60.07411858974359 / 73.80809294871794 74.18870192307692 73.9082532051282 / 85.85737609863281 85.86538696289062 85.79327392578125
166: 60.046073717948715 60.08613782051282 60.100160256410255 / 74.4891826923077 74.59935897435898 73.93830128205128 / 85.86538696289062 85.91346740722656 85.70513153076172
167: 60.08613782051282 60.10616987179487 60.08613782051282 / 74.32892628205128 74.61939102564102 73.95833333333333 / 85.86939239501953 85.84134674072266 85.92147827148438
168: 60.05809294871795 60.09014423076923 60.11217948717949 / 74.24879807692308 74.77964743589743 73.53766025641026 / 85.5849380493164 85.64102935791016 85.87740325927734
169: 60.07411858974359 60.09214743589744 60.110176282051285 / 73.62780448717949 74.16866987179488 74.02844551282051 / 85.50080108642578 85.49279022216797 85.66907501220703
170: 60.08413461538461 60.16025641025641 60.154246794871796 / 73.76802884615384 74.40905448717949 74.05849358974359 / 85.65705108642578 85.60497283935547 85.96154022216797
171: 60.124198717948715 60.14823717948718 60.158253205128204 / 73.50761217948718 74.02844551282051 73.38741987179488 / 85.38862609863281 85.4246826171875 85.45673370361328
172: 60.14423076923077 60.17427884615385 60.22836538461539 / 74.23878205128206 73.73798076923077 74.18870192307692 / 85.14823913574219 85.24839782714844 85.2724380493164
173: 60.18028846153846 60.21634615384615 60.19230769230769 / 74.1386217948718 74.1786858974359 73.89823717948718 / 85.4206771850586 85.4727554321289 85.51683044433594
174: 60.130208333333336 60.17027243589744 60.14623397435897 / 73.67788461538461 74.18870192307692 73.9483173076923 / 85.45272827148438 85.46875 85.46875
175: 60.17227564102564 60.202323717948715 60.20432692307692 / 73.98838141025641 74.24879807692308 74.31891025641026 / 85.50881958007812 85.40064239501953 85.34455108642578
176: 60.25040064102564 60.280448717948715 60.24639423076923 / 73.3573717948718 74.32892628205128 73.9082532051282 / 85.224365234375 85.20032501220703 85.2283706665039
177: 60.27043269230769 60.28245192307692 60.25841346153846 / 73.99839743589743 74.31891025641026 73.96834935897436 / 85.37259674072266 85.19231414794922 85.33654022216797
178: 60.310496794871796 60.30448717948718 60.31850961538461 / 74.10857371794872 74.5292467948718 74.40905448717949 / 85.39663696289062 85.33253479003906 85.28846740722656
179: 60.30849358974359 60.260416666666664 60.26842948717949 / 73.9483173076923 74.2588141025641 73.95833333333333 / 85.27644348144531 85.30448913574219 85.13221740722656
180: 60.30248397435897 60.31650641025641 60.310496794871796 / 74.05849358974359 74.2588141025641 73.97836538461539 / 85.29247283935547 85.48878479003906 85.2724380493164
181: 60.30248397435897 60.334535256410255 60.364583333333336 / 73.88822115384616 74.03846153846153 73.73798076923077 / 85.2724380493164 85.39663696289062 85.40865325927734
182: 60.30849358974359 60.36258012820513 60.34855769230769 / 74.16866987179488 74.01842948717949 73.99839743589743 / 85.068115234375 85.068115234375 85.05208587646484
183: 60.33653846153846 60.368589743589745 60.37059294871795 / 74.20873397435898 73.7880608974359 73.92828525641026 / 85.24839782714844 85.40464782714844 85.32051849365234
184: 60.34855769230769 60.3125 60.344551282051285 / 74.00841346153847 74.54927884615384 74.15865384615384 / 85.224365234375 85.40064239501953 85.41266632080078
185: 60.37660256410256 60.3505608974359 60.37459935897436 / 74.35897435897436 74.11858974358974 73.77804487179488 / 85.21234130859375 85.3125 85.27644348144531
186: 60.43870192307692 60.37459935897436 60.392628205128204 / 73.63782051282051 74.20873397435898 74.19871794871794 / 85.2724380493164 85.33253479003906 85.34856414794922
187: 60.422676282051285 60.39463141025641 60.40464743589744 / 73.9082532051282 73.67788461538461 73.73798076923077 / 85.24439239501953 85.21634674072266 85.20433044433594
188: 60.388621794871796 60.422676282051285 60.392628205128204 / 74.16866987179488 74.27884615384616 74.10857371794872 / 85.14423370361328 85.17628479003906 85.3846206665039
189: 60.4306891025641 60.42067307692308 60.43870192307692 / 74.35897435897436 74.58934294871794 74.05849358974359 / 85.32051849365234 85.29247283935547 85.34856414794922
190: 60.40064102564103 60.40865384615385 60.37860576923077 / 74.19871794871794 74.00841346153847 74.20873397435898 / 85.35657501220703 85.37660217285156 85.52484130859375
191: 60.41065705128205 60.442708333333336 60.470753205128204 / 74.2988782051282 74.1386217948718 74.19871794871794 / 85.3165054321289 85.32852935791016 85.3846206665039
192: 60.46474358974359 60.46073717948718 60.46474358974359 / 74.15865384615384 74.18870192307692 74.47916666666667 / 85.51683044433594 85.52083587646484 85.34856414794922
193: 60.43469551282051 60.42668269230769 60.46073717948718 / 74.15865384615384 74.609375 74.6895032051282 / 85.54888153076172 85.39263153076172 85.45272827148438
194: 60.43870192307692 60.44070512820513 60.40464743589744 / 74.37900641025641 74.44911858974359 74.37900641025641 / 85.3165054321289 85.36458587646484 85.4647445678711
195: 60.47876602564103 60.45673076923077 60.47275641025641 / 74.34895833333333 74.57932692307692 74.2988782051282 / 85.49679565429688 85.45673370361328 85.52083587646484
196: 60.45272435897436 60.442708333333336 60.46875 / 74.39903846153847 74.28886217948718 74.11858974358974 / 85.4246826171875 85.39263153076172 85.41667175292969
197: 60.45272435897436 60.45472756410256 60.45472756410256 / 73.97836538461539 74.26883012820512 74.1786858974359 / 85.40865325927734 85.21634674072266 85.46073913574219
198: 60.490785256410255 60.46474358974359 60.48677884615385 / 74.41907051282051 74.04847756410257 74.21875 / 85.2684326171875 85.25641632080078 85.44070434570312
199: 60.48076923076923 60.46474358974359 60.45072115384615 / 74.16866987179488 74.66947115384616 74.44911858974359 / 85.2644271850586 85.32852935791016 85.41266632080078
